 0 0 0 0 0 0 0 0 0 0 0 0 0 0 0 0 0 0 0 0 0
 1 -1 -1 1 -1 1 1 -1 1 -1 -1 -1 -1 1 -1 1 -1 1 1 1 1
 2 -2 -2 0 0 2 0 -2 0 0 0 0 -2 2 0 2 -2 2 0 0 2
 1 -1 -3 -1 1 1 1 -1 -1 1 1 1 -3 3 -1 1 -1 1 -1 1 3
 0 -2 -2 0 0 2 2 -2 0 2 2 0 -4 2 0 0 0 2 -2 2 2
 1 -1 -1 -1 -1 3 3 -3 1 1 1 1 -3 3 -1 -1 -1 3 -1 3 3
 0 -2 -2 0 -2 2 4 -4 2 0 0 0 -2 2 0 -2 -2 4 0 4 2
 -1 -1 -1 1 -1 1 3 -5 1 1 -1 1 -3 1 1 -1 -3 3 1 3 1
 0 0 -2 2 -2 0 4 -6 2 2 0 2 -4 2 0 -2 -4 2 0 4 2
 1 -1 -3 3 -3 -1 5 -5 1 3 1 1 -5 3 -1 -3 -5 3 1 3 3
 0 -2 -4 4 -4 -2 4 -6 0 2 2 2 -4 2 0 -4 -4 4 2 4 4
 -1 -1 -3 5 -3 -3 3 -5 -1 1 1 1 -5 3 -1 -3 -3 5 3 3 3
 -2 0 -2 6 -4 -2 2 -6 -2 2 2 2 -4 2 -2 -4 -2 6 4 4 2
 -1 -1 -1 5 -5 -1 3 -7 -3 3 1 3 -5 1 -3 -3 -3 7 3 3 1
 -2 0 -2 6 -6 0 2 -6 -2 4 0 2 -4 2 -4 -4 -4 6 4 4 0
 -3 -1 -1 5 -7 1 1 -7 -3 5 -1 1 -3 1 -5 -5 -5 7 3 3 -1
 -2 0 -2 4 -8 0 2 -8 -4 6 -2 0 -4 2 -4 -6 -6 6 2 4 0
 -3 1 -3 3 -9 -1 1 -7 -5 7 -3 1 -5 3 -3 -5 -5 5 1 5 1
 -2 0 -2 2 -10 -2 2 -8 -6 8 -2 2 -6 4 -2 -4 -6 4 2 6 2
 -3 1 -1 3 -9 -1 3 -9 -7 9 -3 1 -7 5 -1 -5 -7 3 3 7 3
 -4 0 0 4 -10 -2 4 -10 -6 8 -4 0 -8 4 -2 -6 -6 4 4 6 2
 -5 -1 1 5 -9 -3 3 -9 -7 9 -5 -1 -9 5 -1 -5 -7 3 3 5 1
 -4 -2 2 4 -10 -2 4 -8 -6 10 -6 0 -8 4 0 -4 -8 4 4 6 2
 -3 -3 1 3 -9 -1 3 -7 -5 11 -7 1 -9 5 1 -3 -9 5 5 7 3
 -4 -4 2 2 -8 0 4 -6 -4 10 -8 2 -10 6 2 -4 -8 4 6 8 4
 -3 -5 1 1 -7 -1 3 -7 -5 11 -9 1 -9 7 1 -3 -9 5 5 9 5
 -2 -4 2 0 -8 0 4 -8 -4 10 -10 0 -10 8 0 -2 -10 4 6 10 6
 -1 -3 3 1 -7 -1 5 -9 -3 11 -11 -1 -9 9 -1 -1 -9 5 5 9 5
 0 -4 2 0 -8 -2 4 -8 -2 10 -10 0 -8 8 0 -2 -8 4 6 8 6
 1 -5 1 1 -9 -1 3 -9 -1 9 -11 -1 -7 7 -1 -1 -7 5 5 7 7
 2 -6 0 0 -10 0 4 -10 -2 8 -10 0 -8 8 0 -2 -8 6 4 8 8
 1 -7 1 1 -11 -1 3 -11 -1 9 -11 -1 -9 9 -1 -3 -7 5 5 7 7
 2 -8 2 2 -12 0 4 -12 -2 10 -10 -2 -10 10 0 -2 -6 4 4 8 8
 3 -7 1 1 -11 1 3 -13 -1 11 -9 -3 -9 9 -1 -3 -7 3 3 7 7
 4 -6 2 2 -12 2 4 -14 0 10 -8 -2 -8 8 0 -2 -6 4 2 8 8
 3 -7 3 1 -13 1 5 -13 1 11 -9 -1 -9 9 -1 -1 -5 5 1 9 9
 4 -6 4 2 -14 2 6 -14 0 10 -10 -2 -10 8 -2 -2 -6 4 2 10 10
 3 -5 5 1 -13 1 7 -13 -1 9 -9 -1 -9 7 -3 -3 -7 5 1 11 11
 4 -4 6 2 -12 2 6 -12 0 10 -10 -2 -8 8 -2 -4 -6 6 0 12 10
 3 -3 5 3 -13 1 7 -13 -1 11 -11 -3 -7 7 -3 -3 -7 5 -1 13 11
 4 -2 6 2 -14 2 6 -12 -2 12 -12 -4 -8 6 -2 -2 -6 6 0 14 10
 5 -3 7 1 -13 3 5 -11 -3 13 -11 -3 -7 7 -1 -3 -7 5 -1 15 9
 4 -2 8 0 -12 4 4 -12 -4 12 -12 -4 -6 6 0 -4 -8 6 -2 16 8
 3 -1 7 -1 -13 3 3 -11 -5 13 -11 -5 -7 5 -1 -3 -7 5 -1 17 7
 4 0 6 0 -14 2 2 -12 -4 14 -12 -6 -8 4 -2 -4 -8 4 0 16 6
 5 1 7 1 -15 1 3 -13 -5 15 -11 -5 -7 5 -3 -5 -7 5 1 17 5
 6 0 8 0 -16 0 2 -14 -4 16 -10 -6 -6 4 -2 -4 -8 6 2 16 4
 5 1 7 1 -15 -1 3 -13 -3 17 -11 -7 -5 5 -1 -3 -7 5 3 17 5
 4 2 8 2 -14 -2 4 -12 -4 18 -12 -6 -6 6 0 -4 -8 4 2 18 6
 3 1 9 3 -13 -3 5 -11 -3 19 -13 -5 -5 7 -1 -5 -7 5 3 19 7
 4 2 10 2 -12 -4 4 -12 -2 18 -14 -4 -6 6 -2 -6 -8 4 2 20 8
 3 3 11 1 -13 -5 3 -11 -3 19 -15 -3 -5 7 -1 -7 -9 3 3 19 7
 4 2 10 0 -14 -6 4 -10 -2 18 -16 -2 -4 8 -2 -6 -10 2 4 20 6
 5 3 11 -1 -15 -7 3 -11 -1 17 -15 -1 -5 9 -3 -5 -9 3 3 21 7
 6 4 10 -2 -14 -6 4 -10 -2 18 -16 -2 -6 10 -4 -4 -10 4 2 22 6
 5 5 11 -3 -15 -7 3 -11 -3 19 -15 -3 -5 9 -5 -3 -9 5 3 23 5
 4 4 12 -4 -14 -6 2 -10 -4 20 -14 -4 -4 10 -4 -4 -8 6 2 22 4
 5 3 11 -3 -15 -5 3 -11 -3 21 -15 -3 -3 11 -5 -5 -7 5 1 21 5
 6 2 10 -2 -16 -6 2 -12 -4 22 -14 -4 -2 10 -6 -4 -8 4 2 22 4
 5 3 9 -1 -15 -7 1 -11 -3 21 -13 -3 -3 9 -5 -5 -9 3 3 21 3
 6 4 10 -2 -14 -6 2 -10 -4 20 -14 -2 -4 8 -4 -6 -8 4 4 20 4
 5 5 9 -1 -13 -5 1 -9 -3 19 -13 -3 -5 7 -3 -7 -7 3 3 19 5
 4 4 8 0 -12 -6 0 -8 -2 18 -14 -2 -6 8 -4 -6 -8 4 2 20 6
 3 5 7 -1 -13 -5 1 -9 -3 17 -13 -3 -7 9 -5 -5 -7 3 3 19 5
 2 6 6 0 -12 -4 2 -8 -2 16 -14 -4 -8 8 -6 -6 -8 2 4 18 6
 3 5 7 1 -13 -5 3 -9 -3 17 -15 -3 -9 9 -7 -5 -9 1 3 17 5
 2 4 8 2 -14 -4 4 -10 -4 18 -14 -4 -10 8 -8 -4 -8 0 2 16 6
 1 5 7 1 -13 -5 5 -9 -3 17 -15 -5 -11 7 -9 -3 -9 1 3 15 7
 2 4 8 2 -14 -6 6 -10 -4 18 -16 -4 -10 8 -10 -4 -8 0 2 14 6
 1 3 7 3 -15 -7 7 -9 -3 17 -17 -3 -9 9 -11 -3 -9 1 3 15 7
 0 2 6 2 -14 -6 8 -10 -4 16 -16 -4 -10 8 -12 -2 -10 0 4 16 6
 -1 1 5 1 -15 -5 9 -9 -5 17 -15 -3 -9 7 -11 -1 -11 -1 5 15 5
 -2 0 4 0 -16 -6 10 -8 -4 18 -14 -2 -10 6 -10 0 -10 0 4 16 6
 -1 -1 3 1 -17 -7 11 -9 -5 19 -15 -1 -9 5 -11 1 -11 1 5 15 7
 -2 -2 4 0 -18 -8 12 -10 -6 18 -16 0 -10 6 -10 2 -10 2 6 14 8
 -3 -3 5 1 -19 -7 13 -11 -5 17 -17 -1 -11 7 -11 3 -9 1 5 15 7
 -2 -4 4 0 -18 -6 14 -12 -4 18 -18 -2 -10 8 -12 4 -8 2 6 16 6
 -3 -3 5 -1 -17 -5 13 -11 -3 17 -17 -3 -9 9 -11 3 -9 1 7 15 7
 -4 -2 6 -2 -16 -6 12 -10 -2 18 -18 -2 -8 10 -10 2 -8 0 6 14 8
 -3 -3 7 -1 -15 -5 13 -9 -1 19 -19 -3 -7 9 -9 1 -7 1 7 13 9
 -4 -2 8 -2 -16 -4 12 -8 -2 20 -20 -4 -8 10 -10 0 -6 2 8 12 10
 -5 -1 7 -3 -15 -5 13 -9 -1 21 -21 -5 -9 9 -9 1 -5 1 7 11 9
 -4 -2 8 -2 -14 -6 14 -10 0 20 -20 -4 -10 10 -10 2 -6 2 6 10 10
 -5 -1 7 -3 -15 -5 13 -11 -1 21 -19 -5 -9 9 -11 1 -5 3 7 9 11
 -6 0 6 -4 -16 -4 12 -10 0 20 -18 -6 -8 10 -12 0 -6 2 8 8 12
 -7 1 5 -3 -15 -5 13 -11 1 21 -19 -7 -7 11 -11 -1 -5 3 9 7 11
 -8 2 6 -2 -16 -4 12 -12 0 20 -18 -6 -8 10 -12 -2 -6 2 8 8 10
 -9 1 5 -1 -17 -3 11 -13 1 19 -17 -7 -9 11 -11 -1 -5 3 9 9 11
 -10 0 6 0 -18 -4 10 -12 2 18 -18 -6 -10 12 -12 -2 -6 2 10 10 10
 -11 -1 7 1 -17 -5 11 -13 3 17 -19 -7 -9 13 -13 -3 -7 1 11 9 9
 -12 -2 8 0 -16 -6 12 -12 2 16 -20 -6 -10 12 -14 -4 -8 0 10 8 10
 -11 -3 9 -1 -17 -5 11 -13 3 15 -19 -7 -9 11 -15 -5 -9 -1 11 9 11
 -12 -4 10 0 -16 -4 10 -14 4 14 -18 -6 -8 10 -16 -6 -8 -2 10 8 10
 -13 -3 11 1 -17 -3 11 -13 5 15 -19 -7 -7 9 -15 -5 -9 -3 9 9 11
 -12 -4 12 0 -18 -2 12 -14 6 16 -18 -8 -8 8 -16 -4 -8 -2 8 10 12
 -11 -5 11 -1 -19 -3 13 -13 7 15 -17 -9 -7 7 -17 -5 -9 -3 9 9 11
 -10 -6 12 -2 -18 -2 14 -14 6 14 -18 -8 -6 8 -16 -4 -8 -2 10 10 10
 -11 -5 13 -3 -19 -1 13 -15 5 15 -17 -9 -7 7 -17 -3 -9 -1 11 9 9
 -10 -4 12 -4 -20 0 12 -16 6 14 -18 -8 -6 6 -18 -2 -8 -2 10 10 8
 -9 -5 11 -5 -21 -1 11 -15 7 13 -19 -7 -5 5 -17 -1 -9 -3 11 9 9
 -8 -4 12 -4 -22 0 10 -14 8 12 -18 -8 -4 6 -16 0 -8 -2 10 10 10
 -7 -5 11 -3 -21 -1 11 -13 7 11 -19 -7 -3 5 -15 1 -9 -1 9 9 9
 -6 -4 10 -2 -22 -2 10 -14 8 12 -18 -8 -2 4 -14 2 -8 -2 10 10 10
 -5 -3 11 -1 -23 -1 9 -13 7 13 -17 -7 -1 5 -13 1 -9 -1 9 11 11
 -6 -2 10 -2 -24 -2 8 -14 8 14 -16 -6 -2 4 -12 2 -8 -2 8 10 12
 -5 -3 9 -1 -23 -3 9 -13 7 15 -15 -5 -1 3 -13 1 -7 -3 9 11 13
 -4 -2 10 -2 -24 -4 8 -14 8 14 -14 -4 -2 4 -12 2 -8 -4 10 12 12
 -3 -3 9 -1 -25 -5 7 -13 9 15 -13 -3 -1 3 -11 3 -9 -5 9 11 13
 -2 -2 8 -2 -26 -6 8 -12 10 16 -12 -4 -2 2 -12 2 -8 -6 8 10 14
 -1 -3 7 -3 -27 -5 7 -11 11 17 -11 -3 -1 1 -13 1 -9 -7 9 11 15
 -2 -2 6 -2 -26 -4 6 -10 12 16 -12 -2 -2 2 -12 2 -8 -6 8 12 14
 -1 -1 7 -1 -25 -3 7 -11 11 17 -13 -3 -3 1 -11 1 -7 -7 7 11 15
 -2 -2 8 0 -26 -2 8 -10 12 18 -12 -4 -2 0 -10 0 -6 -8 8 12 14
 -1 -1 7 1 -27 -3 9 -11 13 19 -11 -5 -1 1 -9 -1 -7 -9 9 11 13
 0 -2 6 0 -28 -4 10 -12 14 18 -12 -6 0 2 -8 0 -8 -10 8 10 14
 1 -1 5 1 -29 -5 11 -13 15 19 -11 -7 -1 1 -9 -1 -9 -9 9 9 15
 0 -2 6 0 -30 -6 12 -12 16 20 -12 -6 -2 0 -8 0 -8 -8 10 10 14
 1 -1 5 1 -29 -5 11 -11 17 19 -13 -5 -1 -1 -9 -1 -7 -9 9 9 13
 0 -2 4 2 -28 -4 12 -12 18 18 -14 -6 -2 -2 -10 -2 -6 -10 8 8 14
 -1 -1 5 1 -29 -3 11 -13 19 17 -13 -7 -1 -1 -11 -1 -7 -9 9 7 13
 -2 0 6 0 -28 -4 10 -14 20 16 -12 -8 -2 -2 -10 0 -6 -10 10 8 14
 -1 -1 7 1 -29 -3 11 -15 19 17 -11 -9 -1 -1 -9 1 -5 -9 11 7 15
 0 -2 8 2 -28 -2 10 -14 18 18 -10 -8 0 -2 -10 0 -6 -8 10 6 16
 1 -3 7 1 -27 -1 11 -13 19 19 -9 -7 1 -1 -11 -1 -5 -7 11 7 15
 2 -2 8 0 -28 0 12 -12 20 18 -8 -6 0 -2 -10 -2 -6 -6 12 8 14
 3 -1 9 -1 -27 -1 11 -11 19 19 -9 -5 -1 -3 -9 -1 -5 -7 11 9 13
 2 -2 8 -2 -28 0 12 -10 20 20 -8 -6 -2 -2 -10 -2 -6 -6 12 8 14
 1 -3 7 -3 -29 -1 13 -11 19 19 -9 -5 -1 -1 -9 -1 -5 -5 13 9 13
 0 -4 8 -4 -28 -2 12 -12 18 20 -10 -6 -2 -2 -10 0 -6 -6 14 8 14
 -1 -3 7 -5 -27 -3 11 -13 17 21 -11 -5 -1 -1 -9 -1 -7 -5 13 9 15
 0 -2 8 -6 -28 -2 10 -12 18 22 -12 -6 -2 -2 -10 -2 -8 -4 12 8 16
 -1 -3 9 -7 -27 -1 11 -11 17 23 -11 -5 -1 -1 -9 -3 -9 -5 11 7 17
 0 -4 10 -8 -28 0 12 -12 18 22 -10 -6 -2 0 -8 -2 -8 -6 10 8 18
 -1 -5 9 -7 -29 -1 13 -13 19 23 -9 -5 -3 -1 -7 -3 -7 -7 11 9 19
 0 -6 8 -6 -28 -2 12 -12 18 24 -10 -4 -4 -2 -6 -4 -8 -8 10 10 18
 1 -7 7 -7 -29 -1 13 -13 19 25 -9 -3 -5 -1 -5 -3 -7 -9 11 11 17
 0 -6 6 -6 -28 0 12 -12 18 24 -10 -4 -6 -2 -4 -4 -6 -10 12 10 16
 -1 -7 5 -7 -29 1 11 -11 19 25 -11 -5 -5 -1 -3 -3 -7 -11 11 11 15
 0 -8 4 -8 -28 2 12 -12 20 24 -10 -4 -4 -2 -4 -4 -8 -10 10 12 16
 1 -7 3 -7 -29 3 13 -11 19 25 -11 -3 -5 -3 -3 -3 -7 -11 11 13 15
 2 -8 2 -6 -30 4 12 -10 18 24 -10 -2 -6 -4 -2 -2 -6 -12 12 14 14
 3 -7 3 -5 -31 3 11 -11 19 25 -9 -1 -7 -3 -3 -1 -5 -11 13 13 15
 2 -8 4 -6 -30 4 10 -10 18 24 -10 0 -6 -2 -2 0 -4 -12 14 12 14
 1 -9 5 -5 -31 3 11 -11 19 25 -9 1 -7 -1 -3 1 -3 -13 13 13 13
 2 -8 4 -4 -30 4 12 -10 20 24 -10 2 -8 0 -4 2 -4 -14 14 14 14
 3 -7 3 -3 -31 3 11 -11 21 25 -9 1 -9 -1 -3 1 -3 -13 13 13 15
 2 -8 2 -2 -30 4 10 -12 22 24 -10 0 -8 -2 -2 2 -2 -14 14 14 14
 1 -9 1 -3 -29 3 9 -11 21 23 -11 -1 -7 -3 -3 1 -3 -15 13 13 15
 0 -8 0 -4 -28 4 10 -10 22 24 -12 -2 -8 -2 -2 0 -4 -14 14 12 14
 -1 -7 1 -5 -29 5 9 -11 21 23 -11 -1 -9 -3 -3 1 -3 -13 15 11 13
 -2 -6 0 -6 -28 4 10 -10 20 24 -12 0 -10 -2 -4 2 -4 -12 16 12 12
 -1 -5 -1 -7 -29 3 9 -11 21 25 -13 -1 -11 -3 -5 3 -5 -13 15 11 13
 0 -6 0 -8 -30 2 10 -12 20 26 -12 0 -10 -2 -4 2 -6 -12 14 12 14
 -1 -7 1 -9 -29 3 9 -11 21 27 -13 -1 -9 -1 -3 3 -7 -11 13 11 15
 -2 -8 0 -8 -30 4 8 -12 22 26 -12 -2 -10 -2 -2 2 -8 -10 14 12 14
 -3 -7 -1 -7 -31 3 7 -13 21 25 -13 -1 -9 -3 -1 3 -9 -9 15 11 15
 -2 -8 -2 -6 -30 4 6 -12 22 26 -12 -2 -8 -4 -2 2 -10 -8 16 10 16
 -1 -7 -1 -5 -31 3 7 -13 21 27 -11 -3 -9 -5 -3 3 -11 -9 15 11 17
 -2 -8 0 -6 -32 4 6 -14 22 26 -12 -4 -10 -6 -4 2 -12 -10 14 10 16
 -3 -9 1 -7 -33 5 5 -15 23 25 -13 -3 -11 -5 -5 3 -11 -11 13 11 15
 -2 -8 0 -6 -34 6 6 -16 22 26 -12 -2 -10 -6 -4 2 -12 -12 12 12 14
 -3 -9 -1 -7 -33 5 7 -17 23 27 -13 -1 -9 -5 -3 1 -11 -11 11 11 15
 -4 -8 0 -6 -32 4 6 -16 24 28 -14 -2 -8 -6 -4 0 -12 -10 10 12 16
 -3 -9 1 -5 -31 3 7 -17 23 27 -15 -3 -9 -7 -3 1 -11 -11 11 13 17
 -4 -8 0 -6 -30 4 8 -18 24 28 -14 -2 -8 -6 -4 0 -12 -10 12 14 18
 -5 -9 1 -7 -29 3 7 -19 23 27 -13 -1 -9 -5 -3 1 -13 -9 11 13 19
 -4 -8 0 -8 -28 2 6 -20 22 26 -14 0 -10 -4 -2 0 -14 -8 10 12 20
 -3 -9 -1 -7 -27 3 7 -21 23 27 -13 -1 -11 -3 -1 -1 -15 -7 9 13 19
 -2 -10 0 -8 -26 2 8 -20 24 28 -14 0 -10 -4 0 0 -16 -8 8 12 18
 -1 -11 1 -7 -25 1 9 -21 25 27 -13 -1 -9 -3 -1 -1 -15 -7 9 13 19
 0 -12 0 -6 -24 2 8 -20 24 28 -14 -2 -10 -2 0 -2 -16 -8 10 14 20
 1 -11 1 -5 -25 1 9 -21 25 29 -15 -1 -9 -1 -1 -1 -17 -7 9 13 21
 2 -12 0 -6 -24 0 8 -20 24 28 -16 0 -8 -2 0 -2 -18 -8 10 12 20
 1 -13 -1 -5 -25 1 9 -19 23 27 -15 -1 -9 -3 -1 -3 -19 -9 11 11 19
 0 -14 -2 -6 -26 2 10 -20 24 28 -14 -2 -8 -4 -2 -4 -20 -10 10 12 18
 1 -15 -1 -7 -25 1 9 -21 25 29 -15 -3 -7 -3 -3 -5 -19 -11 9 11 17
 2 -14 0 -6 -24 2 8 -22 26 30 -14 -4 -8 -2 -2 -6 -18 -12 10 12 16
 1 -13 -1 -5 -23 3 9 -23 25 29 -13 -5 -9 -3 -1 -5 -19 -11 11 13 15
 2 -12 -2 -4 -24 4 10 -22 26 30 -14 -4 -10 -2 -2 -6 -18 -12 12 12 16
 1 -13 -1 -5 -25 5 11 -23 25 29 -15 -5 -11 -3 -1 -5 -19 -11 13 11 15
 0 -12 0 -6 -26 6 12 -22 24 28 -16 -4 -12 -2 0 -4 -18 -12 12 12 16
 -1 -11 -1 -7 -27 7 11 -21 25 29 -17 -3 -11 -1 1 -5 -17 -11 13 11 15
 0 -10 0 -6 -28 6 12 -20 26 30 -16 -2 -12 0 2 -4 -16 -12 12 10 14
 1 -9 1 -7 -29 7 13 -21 25 31 -17 -3 -11 1 3 -3 -17 -13 11 11 15
 2 -8 2 -6 -30 6 12 -22 26 30 -18 -4 -12 0 2 -2 -16 -14 12 10 16
 3 -9 3 -7 -29 5 11 -21 25 31 -17 -3 -11 1 1 -3 -17 -13 11 11 15
 2 -8 2 -6 -28 6 12 -20 24 30 -18 -4 -12 2 0 -2 -16 -12 10 10 16
 1 -7 3 -5 -29 5 13 -21 23 31 -19 -5 -13 3 -1 -1 -15 -11 11 11 15
 2 -8 2 -4 -30 4 14 -22 24 32 -20 -4 -14 4 -2 -2 -14 -10 10 12 16
 3 -7 3 -5 -29 3 13 -23 25 33 -19 -3 -15 3 -1 -1 -15 -11 9 13 15
 2 -8 2 -6 -30 4 14 -22 26 32 -18 -2 -16 4 0 -2 -14 -10 8 14 16
 3 -9 1 -5 -31 3 15 -23 25 33 -17 -3 -15 3 -1 -3 -15 -11 9 13 15
 4 -8 0 -6 -32 2 14 -24 26 32 -16 -4 -14 2 0 -2 -14 -12 10 14 16
 3 -7 1 -5 -31 1 13 -23 27 31 -15 -3 -15 1 -1 -3 -13 -13 11 13 15
 4 -6 0 -4 -32 2 12 -22 26 30 -14 -2 -14 0 0 -4 -12 -12 12 12 16
 5 -7 -1 -3 -31 3 13 -21 27 31 -13 -1 -15 1 1 -5 -13 -13 13 13 17
 4 -6 -2 -4 -32 4 12 -22 28 32 -14 -2 -16 2 2 -6 -12 -12 14 14 16
 5 -5 -1 -5 -33 5 11 -21 27 33 -15 -1 -17 3 1 -5 -13 -11 15 15 17
 6 -4 -2 -6 -34 6 12 -22 26 34 -16 0 -16 2 0 -6 -12 -10 14 14 18
 5 -3 -3 -5 -35 5 11 -23 27 33 -17 -1 -17 1 -1 -5 -13 -11 13 15 19
 6 -2 -2 -6 -36 4 12 -22 28 32 -18 -2 -16 0 0 -4 -14 -12 12 14 18
 7 -1 -3 -7 -35 5 13 -23 27 31 -17 -3 -15 -1 -1 -3 -13 -11 11 13 17
 8 0 -4 -6 -36 4 14 -24 26 30 -18 -4 -16 -2 -2 -2 -12 -10 10 12 16
 9 -1 -5 -5 -37 3 13 -25 27 29 -19 -5 -15 -1 -3 -3 -13 -11 9 13 15
 10 0 -4 -4 -38 2 12 -24 26 30 -20 -4 -16 0 -2 -4 -14 -12 10 14 16
 11 -1 -5 -5 -39 3 11 -23 27 31 -21 -5 -17 -1 -1 -3 -15 -13 11 13 17
 12 0 -6 -6 -38 4 10 -24 28 30 -22 -4 -18 -2 0 -4 -14 -14 10 12 18
 13 -1 -7 -5 -37 3 9 -25 29 29 -23 -3 -19 -1 1 -5 -13 -13 9 11 19
 12 0 -6 -6 -38 4 10 -24 28 28 -22 -2 -20 0 2 -4 -14 -14 10 10 20
 11 -1 -7 -7 -37 5 9 -23 29 29 -21 -3 -19 -1 3 -5 -15 -15 11 9 19
 10 0 -8 -6 -36 4 10 -22 30 28 -20 -4 -20 -2 4 -4 -16 -16 10 10 18
 11 -1 -7 -5 -37 5 11 -21 29 27 -19 -3 -21 -1 3 -5 -15 -15 9 11 19
 12 0 -8 -6 -38 6 12 -22 30 26 -20 -2 -20 0 4 -4 -16 -16 10 10 20
 11 1 -9 -7 -39 7 11 -23 29 25 -19 -1 -21 -1 3 -3 -15 -17 11 9 19
 10 0 -10 -8 -38 8 10 -24 28 26 -20 -2 -20 0 4 -4 -16 -16 12 10 18
 9 1 -11 -7 -39 7 11 -25 29 27 -21 -3 -21 1 5 -3 -17 -15 11 9 17
 8 2 -12 -8 -40 6 10 -24 28 28 -22 -4 -22 0 6 -2 -18 -16 12 8 16
 9 1 -11 -9 -41 5 11 -25 29 29 -21 -5 -21 1 5 -1 -19 -15 11 7 15
 8 2 -12 -8 -42 4 12 -26 28 28 -22 -6 -22 0 4 0 -18 -14 12 6 16
 7 1 -11 -9 -41 5 11 -25 27 29 -21 -5 -23 1 5 -1 -19 -13 11 5 15
 8 0 -12 -10 -40 4 12 -26 28 28 -22 -4 -24 2 4 0 -18 -12 12 4 14
 9 -1 -11 -11 -39 5 11 -27 27 27 -21 -3 -25 3 3 -1 -17 -11 11 3 15
 10 -2 -10 -12 -38 6 12 -28 26 28 -20 -2 -26 4 4 0 -18 -10 12 2 16
 9 -1 -11 -11 -37 5 13 -29 25 29 -19 -3 -27 3 3 -1 -19 -9 11 1 17
 8 -2 -10 -10 -36 6 14 -30 24 28 -18 -4 -26 2 4 0 -18 -8 12 0 18
 7 -3 -9 -11 -37 5 15 -31 23 29 -17 -3 -27 1 5 -1 -19 -7 11 -1 19
 8 -2 -8 -10 -38 6 16 -30 24 30 -18 -4 -28 0 4 -2 -20 -6 12 0 18
 7 -3 -9 -9 -37 7 17 -29 23 31 -19 -5 -27 1 5 -3 -21 -7 11 1 19
 6 -2 -8 -8 -38 8 18 -30 24 32 -18 -6 -28 2 4 -4 -22 -8 12 2 20
 5 -3 -7 -7 -37 7 19 -29 25 33 -17 -5 -27 1 3 -5 -23 -9 13 1 21
 4 -2 -8 -8 -38 6 20 -28 24 34 -18 -6 -28 0 2 -6 -22 -8 14 0 22
 5 -3 -7 -9 -39 7 19 -29 23 33 -17 -7 -29 -1 1 -5 -21 -9 15 1 23
 6 -2 -8 -8 -38 6 20 -28 24 32 -16 -6 -28 0 2 -4 -22 -10 14 0 22
 7 -3 -9 -7 -37 5 21 -29 25 31 -15 -7 -27 1 3 -3 -21 -9 15 -1 23
 6 -2 -10 -8 -38 6 20 -30 24 30 -14 -6 -26 2 2 -4 -22 -8 14 0 22
 7 -1 -9 -7 -37 5 21 -29 25 29 -13 -7 -27 1 1 -3 -21 -9 13 -1 23
 8 0 -10 -6 -36 6 22 -28 26 30 -12 -6 -26 2 0 -2 -20 -8 14 0 24
 7 -1 -9 -5 -35 7 21 -27 27 31 -13 -7 -25 1 -1 -1 -19 -7 15 1 23
 6 0 -10 -4 -34 6 20 -28 26 30 -12 -6 -26 0 0 -2 -18 -8 16 2 22
 5 1 -11 -5 -35 5 19 -29 27 31 -11 -7 -27 1 -1 -3 -17 -7 15 3 21
 6 0 -10 -4 -36 6 18 -28 26 30 -12 -6 -26 0 -2 -4 -16 -8 16 4 22
 7 -1 -9 -3 -35 5 17 -27 27 31 -11 -7 -25 1 -1 -5 -15 -7 17 3 21
 8 0 -8 -4 -36 4 18 -28 28 32 -12 -6 -26 0 -2 -4 -16 -6 18 2 20
 7 1 -7 -3 -35 3 17 -27 29 31 -11 -7 -27 1 -3 -3 -17 -7 19 3 21
 6 2 -8 -2 -36 4 16 -26 30 30 -12 -6 -28 0 -2 -4 -18 -8 18 2 20
 7 3 -7 -1 -37 5 15 -27 29 31 -13 -7 -27 1 -1 -5 -19 -7 19 3 21
 8 2 -8 0 -38 6 14 -26 30 30 -12 -8 -26 0 0 -4 -18 -8 18 2 22
 9 3 -9 -1 -39 7 15 -25 31 29 -11 -7 -27 1 -1 -3 -19 -9 17 3 21
 10 4 -8 -2 -40 6 16 -24 30 28 -10 -8 -28 0 0 -4 -18 -10 18 4 22
 9 5 -7 -3 -39 5 15 -23 31 27 -11 -7 -27 1 -1 -3 -19 -11 17 3 23
